1732869436 30/10/3/6/2024 0000000020 0000000010 1 3 6 Waiting
1732869479 30/18/4/5/2024 0000000020 0000000010 1 2 Cancel
1732869514 30/7/8/9/2024 0000000021 0000000010 1 2 3 4 5 6 7 Done
1732869542 0/11/5/3/2024 0000000022 0000000010 1 7 Waiting
1732869579 0/15/20/10/2024 0000000024 0000000010 1 3 4 Waiting
1732869623 30/16/4/8/2024 0000000020 0000000010 1 5 7 Done
1733201756 30/7/11/12/2028 0000000022 0000000010 1 2 7 Cancel
1733203397 0/16/7/4/2024 0000000024 0000000011 1 3 5 Waiting
1733205054 0/10/15/7/2024 0000000020 0000000013 1 Done
1733205084 30/7/3/3/2023 0000000020 0000000013 7 Done
1733206540 30/9/7/2/2025 0000000022 0000000012 1 4 Cancel
1733206571 0/8/3/3/2024 0000000022 0000000012 2 5 Waiting
1733206842 0/8/30/1/2027 null 0000000012 6 Waiting
1733207235 0/8/5/5/2024 0000000020 0000000011 1 4 Done
1733208056 0/8/30/1/2024 0000000022 0000000014 1 7 Waiting
1733208505 0/8/4/1/2025 0000000020 0000000014 2 4 6 Cancel
1733208544 0/15/3/1/2025 0000000023 0000000014 7 Waiting
1733208633 0/8/9/1/2025 null 0000000014 7 Waiting
1733503682 0/10/7/12/2024 0000000021 1733503172 1 2 3 Cancel
