0000000000 0000000010 0000000021 1 4 1 30/7/8/9/2024
0000000001 0000000010 0000000021 2 1 1 30/7/8/9/2024
0000000002 0000000010 0000000021 3 1 1 30/7/8/9/2024
0000000003 0000000010 0000000021 4 3 1 30/7/8/9/2024
0000000004 0000000010 0000000021 5 3 1 30/7/8/9/2024
0000000005 0000000010 0000000021 6 0 1 30/7/8/9/2024
0000000006 0000000010 0000000021 7 1 1 30/7/8/9/2024
0000000007 0000000013 0000000020 7 0 1 30/7/3/3/2023
0000000008 0000000010 0000000020 1 0 1 30/16/4/8/2024
0000000009 0000000010 0000000020 5 0 1 30/16/4/8/2024
0000000010 0000000010 0000000020 7 0 1 30/16/4/8/2024
0000000011 0000000010 0000000021 1 0 1 30/7/8/9/2024
0000000012 0000000010 0000000021 2 0 1 30/7/8/9/2024
0000000013 0000000010 0000000021 3 0 1 30/7/8/9/2024
0000000014 0000000010 0000000021 4 0 1 30/7/8/9/2024
0000000015 0000000010 0000000021 5 0 1 30/7/8/9/2024
0000000016 0000000010 0000000021 6 0 1 30/7/8/9/2024
0000000017 0000000010 0000000021 7 0 1 30/7/8/9/2024
0000000018 0000000011 0000000020 1 0 1 0/8/5/5/2024
0000000019 0000000011 0000000020 4 0 1 0/8/5/5/2024
